0.000000 0
0.010000 0
0.020000 1
0.030000 1
0.040000 1
0.050000 2
0.060000 1
0.070000 2
0.080000 2
0.090000 2
0.100000 2
0.110000 2
0.120000 2
0.130000 3
0.140000 3
0.150000 2
0.160000 3
0.170000 3
0.180000 4
0.190000 4
0.200000 3
0.210000 3
0.220000 4
0.230000 4
0.240000 4
0.250000 4
0.260000 5
0.270000 5
0.280000 4
0.290000 5
0.300000 6
0.310000 6
0.320000 8
0.330000 6
0.340000 6
0.350000 7
0.360000 6
0.370000 6
0.380000 9
0.390000 11
0.400000 9
0.410000 10
0.420000 13
0.430000 12
0.440000 12
0.450000 14
0.460000 17
0.470000 12
0.480000 19
0.490000 15
0.500000 20
0.510000 23
0.520000 21
0.530000 21
0.540000 30
0.550000 33
0.560000 35
0.570000 33
0.580000 43
0.590000 52
0.600000 53
0.610000 51
0.620000 48
0.630000 59
0.640000 55
0.650000 62
0.660000 58
0.670000 59
0.680000 55
0.690000 49
0.700000 49
0.710000 52
0.720000 49
0.730000 47
0.740000 48
0.750000 49
0.760000 46
0.770000 46
0.780000 44
0.790000 43
0.800000 44
0.810000 42
0.820000 41
0.830000 43
0.840000 41
0.850000 41
0.860000 41
0.870000 40
0.880000 39
0.890000 39
0.900000 39
0.910000 39
0.920000 38
0.930000 37
0.940000 37
0.950000 37
0.960000 37
0.970000 36
0.980000 36
0.990000 35
