0.006000 0.003950
0.005000 0.003820
0.007000 0.003970
0.013000 0.004200
0.014000 0.004230
0.015000 0.004290
0.016000 0.004340
0.021000 0.004440
0.022000 0.004470
0.018000 0.004380
0.023000 0.004490
0.017000 0.004370
0.024000 0.004520
0.000000 0.000040
0.030000 0.004750
0.020000 0.004430
0.031000 0.004790
0.032000 0.004870
0.033000 0.004900
0.008000 0.004010
0.034000 0.004950
0.036000 0.005050
0.037000 0.005110
0.038000 0.005130
0.039000 0.005160
0.040000 0.005170
0.035000 0.004970
0.041000 0.005200
0.042000 0.005230
0.043000 0.005260
0.019000 0.004410
0.044000 0.005320
0.001000 0.001840
0.029000 0.004690
0.009000 0.004080
0.002000 0.002640
0.063000 0.006280
0.061000 0.006260
0.064000 0.006350
0.065000 0.006390
0.066000 0.006430
0.062000 0.006270
0.004000 0.003640
0.011000 0.004120
0.059000 0.006110
0.010000 0.004110
0.003000 0.003320
0.028000 0.004660
0.060000 0.006190
0.045000 0.005380
0.046000 0.005410
0.026000 0.004610
0.047000 0.005450
0.027000 0.004610
0.048000 0.005500
0.012000 0.004170
0.049000 0.005540
0.025000 0.004550
0.050000 0.005570
0.053000 0.005760
0.051000 0.005640
0.052000 0.005720
0.058000 0.006020
0.055000 0.005830
0.057000 0.005920
0.054000 0.005780
0.056000 0.005890
0.080000 0.007210
0.081000 0.007250
0.082000 0.007290
0.083000 0.007330
0.085000 0.007400
0.073000 0.006850
0.086000 0.007470
0.088000 0.007550
0.089000 0.007570
0.090000 0.007600
0.091000 0.007660
0.072000 0.006840
0.074000 0.006910
0.101000 0.008150
0.103000 0.008190
0.104000 0.008200
0.087000 0.007500
0.102000 0.008170
0.100000 0.008130
0.105000 0.008260
0.096000 0.007920
0.106000 0.008330
0.097000 0.007950
0.107000 0.008360
0.109000 0.008450
0.075000 0.006950
0.098000 0.008010
0.110000 0.008520
0.111000 0.008590
0.099000 0.008060
0.108000 0.008420
0.084000 0.007340
0.130000 0.009530
0.132000 0.009640
0.131000 0.009570
0.133000 0.009710
0.126000 0.009400
0.067000 0.006600
0.069000 0.006710
0.129000 0.009500
0.071000 0.006820
0.127000 0.009450
0.128000 0.009480
0.070000 0.006760
0.068000 0.006670
0.078000 0.007070
0.094000 0.007800
0.077000 0.007040
0.076000 0.006990
0.093000 0.007800
0.095000 0.007880
0.112000 0.008630
0.079000 0.007150
0.113000 0.008740
0.092000 0.007710
0.114000 0.008800
0.115000 0.008870
0.116000 0.008900
0.117000 0.009010
0.123000 0.009250
0.122000 0.009180
0.124000 0.009280
0.118000 0.009100
0.125000 0.009370
0.119000 0.009110
0.121000 0.009160
0.120000 0.009140
0.139000 0.009780
0.148000 0.010200
0.147000 0.010170
0.149000 0.010240
0.150000 0.010320
0.151000 0.010400
0.155000 0.010590
0.156000 0.010620
0.157000 0.010710
0.158000 0.010720
0.140000 0.009850
0.164000 0.010950
0.167000 0.011090
0.168000 0.011220
0.154000 0.010500
0.165000 0.011010
0.170000 0.011350
0.171000 0.011400
0.152000 0.010430
0.141000 0.009950
0.153000 0.010480
0.172000 0.011480
0.173000 0.011540
0.166000 0.011050
0.174000 0.011610
0.175000 0.011670
0.176000 0.011760
0.169000 0.011270
0.177000 0.011820
0.178000 0.011950
0.163000 0.010930
0.142000 0.010020
0.197000 0.013170
0.198000 0.013190
0.199000 0.013350
0.200000 0.013440
0.134000 0.009490
0.135000 0.009570
0.138000 0.009750
0.195000 0.013110
0.136000 0.009600
0.196000 0.013170
0.194000 0.013030
0.137000 0.009690
0.193000 0.013010
0.143000 0.010030
0.146000 0.010120
0.159000 0.010740
0.161000 0.010810
0.160000 0.010790
0.162000 0.010900
0.179000 0.011980
0.180000 0.012010
0.181000 0.012060
0.182000 0.012190
0.144000 0.010050
0.145000 0.010080
0.183000 0.012250
0.184000 0.012280
0.187000 0.012620
0.190000 0.012920
0.185000 0.012440
0.188000 0.012750
0.191000 0.012930
0.189000 0.012910
0.186000 0.012520
0.192000 0.012980
0.208000 0.013810
0.214000 0.014270
0.215000 0.014340
0.216000 0.014440
0.217000 0.014450
0.218000 0.014460
0.206000 0.013710
0.222000 0.014990
0.224000 0.015100
0.223000 0.015070
0.225000 0.015150
0.220000 0.014730
0.231000 0.015720
0.207000 0.013770
0.232000 0.015810
0.221000 0.014810
0.234000 0.015990
0.235000 0.016070
0.219000 0.014590
0.237000 0.016220
0.238000 0.016350
0.240000 0.016460
0.239000 0.016430
0.230000 0.015590
0.236000 0.016170
0.241000 0.016580
0.242000 0.016650
0.243000 0.016730
0.244000 0.016850
0.245000 0.016980
0.209000 0.013880
0.233000 0.015970
0.265000 0.018600
0.264000 0.018550
0.266000 0.018740
0.202000 0.013480
0.267000 0.018770
0.201000 0.013380
0.203000 0.013520
0.261000 0.018300
0.263000 0.018470
0.262000 0.018400
0.228000 0.015350
0.260000 0.018210
0.226000 0.015230
0.227000 0.015290
0.229000 0.015500
0.211000 0.014060
0.210000 0.014020
0.212000 0.014170
0.246000 0.017120
0.247000 0.017210
0.248000 0.017390
0.249000 0.017420
0.213000 0.014160
0.251000 0.017530
0.250000 0.017490
0.204000 0.013520
0.205000 0.013640
0.254000 0.017860
0.257000 0.018030
0.258000 0.018040
0.253000 0.017720
0.259000 0.018100
0.256000 0.017990
0.252000 0.017610
0.255000 0.017940
0.281000 0.019980
0.282000 0.020090
0.283000 0.020160
0.284000 0.020240
0.286000 0.020310
0.289000 0.020550
0.291000 0.020780
0.290000 0.020650
0.292000 0.020890
0.285000 0.020280
0.288000 0.020440
0.275000 0.019190
0.298000 0.021770
0.301000 0.022140
0.297000 0.021620
0.302000 0.022210
0.299000 0.021960
0.304000 0.022530
0.305000 0.022580
0.303000 0.022410
0.306000 0.022620
0.307000 0.022740
0.287000 0.020320
0.308000 0.022960
0.309000 0.023080
0.274000 0.019000
0.310000 0.023260
0.311000 0.023370
0.312000 0.023560
0.273000 0.018970
0.300000 0.022080
0.268000 0.018610
0.269000 0.018690
0.270000 0.018740
0.276000 0.019380
0.272000 0.018900
0.271000 0.018790
0.327000 0.025530
0.333000 0.026820
0.332000 0.026550
0.331000 0.026340
0.295000 0.021500
0.334000 0.026870
0.296000 0.021520
0.330000 0.026210
0.280000 0.019820
0.277000 0.019500
0.329000 0.025960
0.328000 0.025750
0.294000 0.021280
0.279000 0.019730
0.313000 0.023750
0.314000 0.023880
0.315000 0.023910
0.316000 0.024010
0.293000 0.021050
0.278000 0.019570
0.318000 0.024190
0.317000 0.024050
0.322000 0.024580
0.325000 0.025150
0.319000 0.024310
0.321000 0.024540
0.323000 0.024670
0.320000 0.024340
0.326000 0.025300
0.324000 0.024850
0.348000 0.029030
0.349000 0.029230
0.350000 0.029330
0.351000 0.029370
0.352000 0.029500
0.356000 0.030110
0.340000 0.027610
0.357000 0.030370
0.358000 0.030470
0.359000 0.030580
0.353000 0.029650
0.342000 0.028090
0.341000 0.027870
0.343000 0.028340
0.354000 0.029840
0.366000 0.031970
0.364000 0.031410
0.355000 0.030030
0.369000 0.033160
0.365000 0.031700
0.372000 0.033980
0.370000 0.033510
0.371000 0.033750
0.373000 0.034490
0.374000 0.034600
0.367000 0.032330
0.335000 0.027020
0.368000 0.032800
0.336000 0.027120
0.375000 0.035170
0.376000 0.035540
0.377000 0.035570
0.378000 0.035680
0.339000 0.027520
0.337000 0.027260
0.379000 0.036000
0.338000 0.027440
0.362000 0.031130
0.344000 0.028440
0.363000 0.031310
0.361000 0.030950
0.395000 0.040060
0.400000 0.041700
0.397000 0.040660
0.401000 0.041970
0.360000 0.030750
0.399000 0.041450
0.398000 0.040970
0.346000 0.028880
0.394000 0.039840
0.380000 0.036140
0.396000 0.040100
0.381000 0.036540
0.382000 0.037050
0.345000 0.028660
0.383000 0.037300
0.347000 0.028940
0.384000 0.037460
0.385000 0.037700
0.390000 0.038860
0.392000 0.039460
0.393000 0.039670
0.387000 0.038160
0.391000 0.039230
0.388000 0.038230
0.386000 0.037910
0.389000 0.038520
0.409000 0.042850
0.407000 0.042320
0.415000 0.045110
0.416000 0.045460
0.417000 0.046070
0.418000 0.046530
0.408000 0.042690
0.410000 0.043220
0.419000 0.046800
0.420000 0.047570
0.423000 0.048470
0.424000 0.048920
0.425000 0.049590
0.426000 0.050000
0.421000 0.047850
0.402000 0.041110
0.422000 0.048260
0.403000 0.041660
0.404000 0.041750
0.435000 0.054410
0.431000 0.052650
0.436000 0.054530
0.437000 0.054830
0.432000 0.053210
0.434000 0.053890
0.439000 0.055840
0.406000 0.042130
0.433000 0.053440
0.440000 0.056700
0.438000 0.055520
0.405000 0.041940
0.441000 0.057140
0.442000 0.057610
0.443000 0.057900
0.444000 0.058540
0.445000 0.058830
0.446000 0.059460
0.414000 0.044780
0.430000 0.051980
0.412000 0.044600
0.411000 0.043590
0.429000 0.051500
0.427000 0.050520
0.461000 0.068880
0.413000 0.044780
0.467000 0.072240
0.466000 0.072050
0.465000 0.071500
0.468000 0.072770
0.428000 0.050750
0.447000 0.059840
0.448000 0.060750
0.463000 0.070080
0.